3.510000e+02 9.886364e-01 1.129889e-02 1.711157e+01 8.264915e+00 7.709000e+01 1.239531e+01 
3.730000e+02 9.735099e-01 1.306842e-02 5.972673e+00 5.722362e+00 6.937995e+01 8.408877e+00 
3.950000e+02 9.698795e-01 1.326587e-02 8.371754e+00 5.555854e+00 7.049588e+01 7.277478e+00 
4.170000e+02 9.876543e-01 8.675659e-03 -7.311345e+00 6.285813e+00 7.950994e+01 8.464766e+00 
4.390000e+02 9.877301e-01 8.622765e-03 -2.905864e+00 6.937514e+00 8.802718e+01 8.597259e+00 
4.707874e+02 9.813953e-01 9.215386e-03 3.784718e-01 6.525916e+00 9.479440e+01 8.861085e+00 
5.142827e+02 9.871795e-01 9.007172e-03 -1.459871e+01 8.664620e+00 1.075251e+02 1.105909e+01 
5.617965e+02 9.760000e-01 1.368912e-02 -9.737857e+00 9.929325e+00 1.096730e+02 1.275107e+01 
6.137000e+02 9.565217e-01 2.126129e-02 -4.092107e+01 1.415768e+01 1.328108e+02 1.560636e+01 
6.703988e+02 9.482759e-01 2.908037e-02 -2.950147e+01 2.223574e+01 1.649047e+02 2.510917e+01 
7.364313e+02 1.000000e+00 0.000000e+00 -5.207672e+01 2.486178e+01 1.591931e+02 2.533372e+01 
8.130861e+02 1.000000e+00 0.000000e+00 -1.661960e+01 4.527549e+01 2.263774e+02 5.469057e+01 
8.977198e+02 1.000000e+00 0.000000e+00 7.371971e+01 5.216455e+01 1.951819e+02 5.886498e+01 
9.911631e+02 1.000000e+00 0.000000e+00 9.329790e+01 4.717996e+01 1.248264e+02 5.900777e+01 
1.094333e+03 1.000000e+00 0.000000e+00 6.373932e+00 8.505219e+01 1.701044e+02 8.584854e+01 
1.208241e+03 1.000000e+00 0.000000e+00 -1.660647e+02 1.267596e+02 2.195541e+02 1.065917e+02 
1.334007e+03 0.000000e+00 0.000000e+00 nan nan nan nan 
