3.510000e+02 7.272727e-01 4.747572e-02 1.123800e+02 4.052643e+01 3.242115e+02 1.044765e+02 
3.730000e+02 8.145695e-01 3.162759e-02 4.113840e+01 6.380830e+00 7.076683e+01 1.083863e+01 
3.950000e+02 7.771084e-01 3.230231e-02 5.808178e+01 9.197135e+00 1.044594e+02 1.576167e+01 
4.170000e+02 7.407407e-01 3.443045e-02 2.299218e+01 7.075000e+00 7.750274e+01 1.215131e+01 
4.390000e+02 7.607362e-01 3.341656e-02 3.294056e+01 1.026293e+01 1.142831e+02 1.883758e+01 
4.707874e+02 6.976744e-01 3.132165e-02 1.920013e+01 1.159273e+01 1.419814e+02 2.382367e+01 
5.142827e+02 7.115385e-01 3.627278e-02 2.491412e+01 1.268159e+01 1.336088e+02 2.231031e+01 
5.617965e+02 6.880000e-01 4.143969e-02 3.229746e+01 2.411037e+01 2.235903e+02 5.533049e+01 
6.137000e+02 6.630435e-01 4.927924e-02 4.549181e+00 2.805279e+01 2.190993e+02 4.988195e+01 
6.703988e+02 6.896552e-01 6.074692e-02 -3.172546e+01 2.137446e+01 1.351840e+02 2.906560e+01 
7.364313e+02 6.341463e-01 7.522402e-02 -1.298849e+01 4.891237e+01 2.494051e+02 7.396161e+01 
8.130861e+02 4.800000e-01 9.991997e-02 -5.431451e+01 7.263191e+01 2.516043e+02 8.385668e+01 
8.977198e+02 5.714286e-01 1.322600e-01 1.470814e+02 1.630603e+02 4.612043e+02 2.291751e+02 
9.911631e+02 7.142857e-01 1.707469e-01 1.530190e+02 9.758946e+01 2.182167e+02 7.247556e+01 
1.094333e+03 5.000000e-01 2.500000e-01 4.220792e+01 2.746892e+02 3.884692e+02 nan 
1.208241e+03 1.000000e+00 0.000000e+00 -2.688629e+01 1.075444e+02 1.862724e+02 9.043372e+01 
1.334007e+03 0.000000e+00 0.000000e+00 nan nan nan nan 
