1.000000e+01 7.715054e-01 2.176888e-02 1.335151e+01 1.297199e+00 2.197594e+01 2.895691e+00 
3.000000e+01 7.307692e-01 2.511165e-02 8.852233e+00 1.623413e+00 2.451299e+01 2.701350e+00 
5.000000e+01 7.685185e-01 2.869845e-02 2.168218e+00 2.412933e+00 3.108846e+01 4.454878e+00 
7.000000e+01 7.125749e-01 3.502026e-02 -5.647713e+00 2.672469e+00 2.915319e+01 3.101526e+00 
9.000000e+01 7.333333e-01 4.315592e-02 -9.090513e+00 4.302323e+00 3.775273e+01 7.959154e+00 
1.100562e+02 6.849315e-01 5.437066e-02 -1.526461e+01 4.408165e+00 3.117044e+01 6.020225e+00 
1.321912e+02 6.500000e-01 6.157651e-02 -2.023909e+01 7.666016e+00 4.787426e+01 1.035064e+01 
1.587781e+02 6.271186e-01 6.295557e-02 -3.386448e+01 8.455496e+00 5.143277e+01 9.933991e+00 
1.907123e+02 6.216216e-01 7.973066e-02 -4.520884e+01 1.111332e+01 5.329763e+01 1.273547e+01 
2.290692e+02 4.857143e-01 8.448092e-02 -4.002653e+01 1.585122e+01 6.535624e+01 1.831717e+01 
2.725959e+02 5.454545e-01 1.501314e-01 -2.625571e+01 1.306396e+01 3.200005e+01 1.204268e+01 
3.218723e+02 6.666667e-01 1.217161e-01 -5.901863e+01 2.374492e+01 7.508803e+01 2.644620e+01 
3.800563e+02 3.333333e-01 2.721655e-01 3.135461e+01 0.000000e+00 0.000000e+00 0.000000e+00 
4.487580e+02 5.000000e-01 2.500000e-01 -8.696854e+01 4.953955e+00 7.005951e+00 nan 
5.298787e+02 1.000000e+00 0.000000e+00 -2.808531e+01 5.065441e+01 8.773601e+01 4.259511e+01 
6.256634e+02 nan nan nan nan nan nan 
7.387628e+02 nan nan nan nan nan nan 
