3.510000e+02 8.522727e-01 3.782494e-02 4.652591e+01 1.009549e+01 8.742948e+01 1.923335e+01 
3.730000e+02 8.807947e-01 2.636918e-02 2.557700e+01 4.526839e+00 5.220606e+01 7.921902e+00 
3.950000e+02 8.734940e-01 2.580070e-02 2.716154e+01 5.181542e+00 6.239403e+01 6.884486e+00 
4.170000e+02 8.580247e-01 2.742198e-02 1.211069e+01 5.173534e+00 6.099506e+01 8.464859e+00 
4.390000e+02 8.282209e-01 2.954367e-02 1.988861e+01 9.305763e+00 1.081232e+02 1.764894e+01 
4.707874e+02 8.279070e-01 2.574265e-02 1.361690e+01 1.011578e+01 1.349613e+02 2.285137e+01 
5.142827e+02 7.756410e-01 3.339949e-02 1.140065e+01 1.371103e+01 1.508214e+02 3.346690e+01 
5.617965e+02 8.240000e-01 3.406159e-02 6.934726e+00 1.265912e+01 1.284760e+02 2.060089e+01 
6.137000e+02 7.934783e-01 4.220428e-02 8.642434e+00 2.289464e+01 1.956119e+02 3.726107e+01 
6.703988e+02 7.931034e-01 5.318970e-02 -1.359345e+01 2.533452e+01 1.718271e+02 2.951698e+01 
7.364313e+02 8.048780e-01 6.189081e-02 -2.452661e+01 2.868802e+01 1.648001e+02 3.127506e+01 
8.130861e+02 7.200000e-01 8.979978e-02 -7.228983e+01 5.156757e+01 2.187827e+02 5.317935e+01 
8.977198e+02 7.142857e-01 1.207363e-01 4.522786e+01 7.690700e+01 2.432013e+02 1.051762e+02 
9.911631e+02 8.571429e-01 1.322600e-01 2.135805e+02 8.692569e+01 2.129236e+02 1.065697e+02 
1.094333e+03 1.000000e+00 0.000000e+00 2.277477e+02 2.396083e+02 4.792166e+02 2.415983e+02 
1.208241e+03 6.666667e-01 2.721655e-01 6.265381e+00 1.354845e+01 1.916040e+01 nan 
1.334007e+03 0.000000e+00 0.000000e+00 nan nan nan nan 
