-2.20e+00 1.00e+00 0.00e+00 1.06e-01 0.00e+00 0.00e+00 0.00e+00 
-1.88e+00 7.50e-01 2.17e-01 3.51e-01 2.03e-01 3.51e-01 1.70e-01 
-1.68e+00 1.00e+00 0.00e+00 1.88e-01 1.46e-01 3.87e-01 1.42e-01 
-1.50e+00 5.71e-01 1.08e-01 1.61e-01 9.41e-02 3.26e-01 9.55e-02 
-1.30e+00 7.25e-01 7.06e-02 2.49e-01 6.11e-02 3.29e-01 1.04e-01 
-1.10e+00 6.57e-01 5.67e-02 1.60e-01 3.67e-02 2.49e-01 4.66e-02 
-9.00e-01 6.80e-01 5.39e-02 1.50e-01 3.26e-02 2.33e-01 3.93e-02 
-7.00e-01 7.73e-01 4.47e-02 1.47e-01 3.51e-02 2.90e-01 4.94e-02 
-5.00e-01 6.89e-01 4.24e-02 1.09e-01 3.27e-02 2.96e-01 3.98e-02 
-3.00e-01 7.04e-01 3.59e-02 2.96e-02 2.78e-02 2.96e-01 3.42e-02 
-1.00e-01 7.54e-01 3.90e-02 2.59e-02 3.10e-02 2.98e-01 3.65e-02 
1.00e-01 7.31e-01 3.55e-02 -2.05e-02 2.20e-02 2.34e-01 2.89e-02 
3.00e-01 7.58e-01 3.73e-02 -6.81e-03 3.01e-02 3.01e-01 3.99e-02 
5.00e-01 6.49e-01 4.17e-02 -1.04e-01 2.82e-02 2.60e-01 3.50e-02 
7.00e-01 7.37e-01 4.12e-02 -1.07e-01 3.42e-02 3.13e-01 4.16e-02 
9.00e-01 7.56e-01 4.53e-02 -1.86e-01 3.95e-02 3.26e-01 5.56e-02 
1.10e+00 7.83e-01 5.32e-02 -2.26e-01 6.33e-02 4.34e-01 7.91e-02 
1.30e+00 8.11e-01 6.44e-02 -2.64e-01 6.21e-02 3.40e-01 7.58e-02 
1.57e+00 7.03e-01 7.51e-02 -2.84e-01 6.63e-02 3.38e-01 1.13e-01 
1.88e+00 1.00e+00 0.00e+00 -4.33e-01 1.77e-01 3.95e-01 1.94e-01 
2.20e+00 1.00e+00 0.00e+00 -4.53e-01 0.00e+00 0.00e+00 0.00e+00 
