-2.200000e+00 1.000000e+00 0.000000e+00 4.095268e-01 0.000000e+00 0.000000e+00 0.000000e+00 
-1.875000e+00 1.000000e+00 0.000000e+00 3.470641e-01 1.303020e-01 2.606040e-01 4.051606e-02 
-1.675000e+00 1.000000e+00 0.000000e+00 1.039454e-01 1.079301e-01 2.855562e-01 1.408989e-01 
-1.500000e+00 9.523810e-01 4.647143e-02 1.959075e-01 4.091433e-02 1.829745e-01 5.313002e-02 
-1.300000e+00 9.750000e-01 2.468552e-02 1.253682e-01 4.656674e-02 2.908092e-01 5.363127e-02 
-1.100000e+00 9.714286e-01 1.991234e-02 1.036742e-01 3.128453e-02 2.579788e-01 4.231336e-02 
-9.000000e-01 9.466667e-01 2.594581e-02 9.069633e-02 3.076239e-02 2.592085e-01 3.756157e-02 
-7.000000e-01 9.886364e-01 1.129889e-02 7.772619e-02 2.741291e-02 2.556906e-01 3.402000e-02 
-5.000000e-01 9.747899e-01 1.437041e-02 7.534940e-02 2.551518e-02 2.748069e-01 3.073198e-02 
-3.000000e-01 9.753086e-01 1.219231e-02 -1.270020e-02 2.003052e-02 2.517797e-01 2.834192e-02 
-1.000000e-01 9.754098e-01 1.402150e-02 -1.957206e-02 2.389459e-02 2.606592e-01 2.925595e-02 
1.000000e-01 9.743590e-01 1.265508e-02 -3.967872e-03 2.031623e-02 2.504753e-01 2.768216e-02 
3.000000e-01 9.924242e-01 7.547007e-03 -7.097431e-03 2.086300e-02 2.387880e-01 2.776319e-02 
5.000000e-01 9.770992e-01 1.306949e-02 -2.152132e-02 2.207205e-02 2.497168e-01 3.145463e-02 
7.000000e-01 9.912281e-01 8.733372e-03 -1.001890e-01 2.732781e-02 2.904986e-01 3.960881e-02 
9.000000e-01 9.888889e-01 1.104921e-02 -9.175435e-02 3.088926e-02 2.914087e-01 4.918853e-02 
1.100000e+00 1.000000e+00 0.000000e+00 -9.728282e-02 3.604600e-02 2.792111e-01 5.310517e-02 
1.300000e+00 9.729730e-01 2.665930e-02 -1.501954e-01 4.342450e-02 2.605470e-01 5.989186e-02 
1.575000e+00 9.729730e-01 2.665930e-02 -1.711114e-01 5.189093e-02 3.113456e-01 8.441669e-02 
1.875000e+00 1.000000e+00 0.000000e+00 -1.900875e-01 1.354895e-01 3.029638e-01 1.611454e-01 
2.200000e+00 1.000000e+00 0.000000e+00 -2.966247e-01 0.000000e+00 0.000000e+00 0.000000e+00 
