-2.20e+00 1.00e+00 0.00e+00 5.63e-01 0.00e+00 0.00e+00 0.00e+00 
-1.88e+00 7.50e-01 2.17e-01 1.65e-01 1.68e-01 2.91e-01 1.41e-01 
-1.68e+00 1.00e+00 0.00e+00 1.17e-02 1.03e-01 2.73e-01 8.55e-02 
-1.50e+00 7.62e-01 9.29e-02 2.02e-01 5.73e-02 2.29e-01 6.28e-02 
-1.30e+00 7.75e-01 6.60e-02 7.55e-02 6.16e-02 3.43e-01 7.99e-02 
-1.10e+00 8.43e-01 4.35e-02 4.12e-02 3.46e-02 2.66e-01 4.23e-02 
-9.00e-01 8.00e-01 4.62e-02 3.61e-02 3.98e-02 3.08e-01 5.90e-02 
-7.00e-01 8.07e-01 4.21e-02 6.43e-02 3.32e-02 2.80e-01 4.14e-02 
-5.00e-01 8.07e-01 3.62e-02 3.12e-02 3.40e-02 3.34e-01 4.41e-02 
-3.00e-01 8.15e-01 3.05e-02 -6.41e-04 2.74e-02 3.15e-01 3.52e-02 
-1.00e-01 8.11e-01 3.54e-02 -4.13e-03 3.37e-02 3.36e-01 4.27e-02 
1.00e-01 8.46e-01 2.89e-02 -2.37e-03 2.64e-02 3.03e-01 3.58e-02 
3.00e-01 8.79e-01 2.84e-02 1.11e-02 2.56e-02 2.76e-01 3.30e-02 
5.00e-01 8.47e-01 3.14e-02 -2.70e-02 2.76e-02 2.91e-01 3.63e-02 
7.00e-01 8.33e-01 3.49e-02 -4.62e-02 3.39e-02 3.31e-01 5.13e-02 
9.00e-01 8.22e-01 4.03e-02 -6.80e-02 4.01e-02 3.45e-01 7.19e-02 
1.10e+00 9.17e-01 3.57e-02 -1.16e-01 4.03e-02 2.99e-01 5.45e-02 
1.30e+00 8.11e-01 6.44e-02 -1.04e-01 5.70e-02 3.12e-01 8.05e-02 
1.57e+00 7.57e-01 7.05e-02 -1.82e-01 7.30e-02 3.86e-01 1.23e-01 
1.88e+00 1.00e+00 0.00e+00 -1.40e-01 3.47e-02 7.76e-02 3.17e-02 
2.20e+00 1.00e+00 0.00e+00 -4.09e-01 0.00e+00 0.00e+00 0.00e+00 
