1.00e+01 8.55e-01 1.83e-02 1.39e+01 1.25e+00 2.23e+01 2.76e+00 
3.00e+01 8.46e-01 2.04e-02 7.32e+00 1.45e+00 2.36e+01 2.29e+00 
5.00e+01 8.66e-01 2.32e-02 2.33e+00 1.95e+00 2.67e+01 2.51e+00 
7.00e+01 8.50e-01 2.76e-02 -1.04e+01 2.51e+00 2.99e+01 3.38e+00 
9.00e+01 8.29e-01 3.68e-02 -1.15e+01 4.61e+00 4.30e+01 8.73e+00 
1.10e+02 7.95e-01 4.73e-02 -1.42e+01 5.71e+00 4.35e+01 7.54e+00 
1.32e+02 7.67e-01 5.46e-02 -4.31e+01 6.23e+00 4.22e+01 6.04e+00 
1.59e+02 6.95e-01 5.99e-02 -4.08e+01 9.23e+00 5.91e+01 1.01e+01 
1.91e+02 6.22e-01 7.97e-02 -5.27e+01 1.32e+01 6.33e+01 1.39e+01 
2.29e+02 7.14e-01 7.64e-02 -3.33e+01 1.57e+01 7.85e+01 2.02e+01 
2.73e+02 7.27e-01 1.34e-01 -2.30e+01 1.67e+01 4.72e+01 1.75e+01 
3.22e+02 9.33e-01 6.44e-02 -4.26e+01 1.09e+01 4.09e+01 1.06e+01 
3.80e+02 1.00e+00 0.00e+00 4.69e+00 1.86e+01 3.23e+01 1.57e+01 
4.49e+02 7.50e-01 2.17e-01 -7.76e+01 3.40e+01 5.89e+01 2.86e+01 
5.30e+02 1.00e+00 0.00e+00 -2.54e+01 2.85e+01 4.94e+01 2.40e+01 
6.26e+02 nan nan nan nan nan nan 
7.39e+02 nan nan nan nan nan nan 
