1.000000e+01 1.000000e+00 0.000000e+00 1.140764e+01 7.883091e-01 1.520436e+01 1.316078e+00 
3.000000e+01 9.967949e-01 3.199988e-03 3.826289e+00 1.032213e+00 1.820328e+01 1.615297e+00 
5.000000e+01 9.861111e-01 7.962873e-03 -4.497709e+00 1.575453e+00 2.299298e+01 2.390573e+00 
7.000000e+01 9.880240e-01 8.417483e-03 -1.519608e+01 1.917199e+00 2.462687e+01 2.174606e+00 
9.000000e+01 9.809524e-01 1.333981e-02 -1.945836e+01 2.852516e+00 2.894987e+01 3.329678e+00 
1.100562e+02 9.452055e-01 2.663608e-02 -3.089473e+01 5.057823e+00 4.201343e+01 5.748972e+00 
1.321912e+02 9.333333e-01 3.220306e-02 -4.178341e+01 6.977856e+00 5.221749e+01 9.272858e+00 
1.587781e+02 9.152542e-01 3.625800e-02 -4.910527e+01 6.559702e+00 4.820377e+01 6.857263e+00 
1.907123e+02 8.648649e-01 5.620273e-02 -7.219162e+01 8.423542e+00 4.765075e+01 8.661082e+00 
2.290692e+02 9.428571e-01 3.923466e-02 -5.610081e+01 1.566874e+01 9.001005e+01 1.898340e+01 
2.725959e+02 8.181818e-01 1.162913e-01 -3.322995e+01 2.432488e+01 7.297463e+01 3.108839e+01 
3.218723e+02 9.333333e-01 6.440612e-02 -3.520777e+01 1.141109e+01 4.269637e+01 1.174057e+01 
3.800563e+02 1.000000e+00 0.000000e+00 1.114418e+01 1.339770e+01 2.320550e+01 1.126608e+01 
4.487580e+02 1.000000e+00 0.000000e+00 -6.987959e+01 2.763538e+01 5.527076e+01 2.611259e+01 
5.298787e+02 1.000000e+00 0.000000e+00 -2.808531e+01 5.065441e+01 8.773601e+01 4.259511e+01 
6.256634e+02 nan nan nan nan nan nan 
7.387628e+02 nan nan nan nan nan nan 
